34,4
34,3
34,2
34,1
34,0
0,471
0,470
0,469
0,468
0,467
0,466
0,465
0,464
0,463
0,462
0,461
0,460
0,459
0,458
0,457
33,4
33,3
33,2
0,456
33,1
33,0
0,455
0,454
0,453
0,452
0,451
0,450
0,449
0,448
0,447
0,446
0,445
0,444
0,443
0,442
0,441
0,440
0,439
32,4
32,3
32,2
0,438
32,1
32,0
0,437
0,436
0,435
0,434
0,433
0,432
0,431
0,430
0,429
0,428
0,427
0,426
0,425
0,424
0,423
0,422
0,421
31,4
31,3
31,2
0,420
31,1
31,0
0,419
0,418
0,417
0,416
0,415
0,414
0,413
0,412
0,411
0,410
0,409
0,408
0,407
0,406
0,405
0,404
0,403
30,4
30,3
30,2
0,402
30,1
30,0
0,401
0,400
0,399
29,3
29,2
29,1
29,0
0,398
0,397
0,396
28,3
28,2
28,1
28,0
0,395
0,394
0,393
0,392
0,391
0,390
27,3
27,2
27,1
27,0
23,35
0,278
0,389
0,388
0,387
0,386
0,385
0,384
0,319
0,318
0,317
0,316
0,273
0,270
26,4
26,3
26,2
26,1
26,0
0,283
25,3
25,2
25,1
25,0
24,3
24,2
0,9
